Step TotalEnergy PotentialEnergy KineticEnergy Temperature
140 -27727.080700799466285 -27727.168755929411418 0.088055129944178703316 0.08888867998967915629
150 -27726.720915605998016 -27727.168685317148629 0.44776971115010433255 0.45200840188100788186
160 -27726.384911593617289 -27727.168678625130269 0.78376703151418891657 0.79118634990250502614
170 -27726.057680530931975 -27727.168612232715532 1.1109317017847284426 1.1214480359399059406
180 -27725.585960077107302 -27727.140827587878448 1.5548675107699183595 1.5695862430592359971
190 -27725.184491980344319 -27727.140428957078257 1.9559369767349739089 1.9744523245288732038
200 -27724.814515446498262 -27727.137405477995344 2.3228900314986096198 2.3448790410279314322
210 -27724.402790426775027 -27727.136599016161199 2.7338085893872938748 2.7596874481831177306
220 -27724.004964190451574 -27727.16334581119736 3.1583816207442496626 3.1882795851825296296
230 -27723.628222786399419 -27727.16211739352002 3.5338946071201040589 3.5673472635686964693
240 -27723.400031719484105 -27727.160553878911742 3.7605221594290747511 3.7961201242391284794
250 -27723.029005714372033 -27727.158851219282951 4.1298455049098174996 4.1689395691705790625
260 -27722.78984267776832 -27727.129265182455129 4.3394225046864320916 4.3805004728697749528
270 -27722.434726620209403 -27727.126670549841947 4.6919439296329361611 4.7363589464355966285
280 -27722.142530566146888 -27727.151259629630658 5.0087290634847505544 5.0561428409831643549
290 -27721.867442455361015 -27727.147816585671535 5.2803741303108164828 5.3303593622827669662
300 -27721.515790445133462 -27727.1439211024408 5.6281306573067810817 5.681407832281760939
310 -27721.153662106054981 -27727.139614913779951 5.9859528077235859556 6.0426172092003049841
320 -27720.728627683140076 -27727.132207853905129 6.403580170764183066 6.4641979285948742984
330 -27720.255629198389215 -27727.12661052725889 6.8709813288686172328 6.9360236132073262993
340 -27719.792986488522729 -27727.120600406335143 7.3276139178118144812 7.396978790914310764
350 -27719.441111625754274 -27727.11431639285729 7.67320476710133903 7.7458410824052430499
360 -27719.148712364891253 -27727.079806325913523 7.9310939610211192985 8.0061715145522818204
370 -27718.90840086449316 -27727.072440824143996 8.1640399596516584069 8.2413226334055806888
380 -27718.589592248394183 -27727.064369485262432 8.4747772368677320998 8.5550014209201048487
390 -27718.144473381173157 -27727.055362946055538 8.9108895648824866242 8.9952420882047050554
400 -27717.523877142382844 -27727.045550989059848 9.521673846677680686 9.6118081940254178619
410 -27717.151342962730268 -27727.034878935981396 9.8835359732496907981 9.9770957904395611848
420 -27716.711119069183042 -27727.023520075039414 10.312401005856481007 10.410020557756523019
430 -27716.194468731457164 -27726.955942762091581 10.76147403063343333 10.863344610729937401
440 -27715.830664467361203 -27726.942469536545104 11.111805069183628092 11.21699196319970504
450 -27715.660528168322344 -27726.983391626192315 11.32286345786843107 11.430048278974082265
460 -27715.443337284359586 -27726.968425107963412 11.525087823605558057 11.634186946914480743
470 -27714.988989595251041 -27726.897410766465327 11.908421171215923806 12.021149015867317544
480 -27714.586632356280461 -27726.908068338641897 12.32143598235966131 12.438073519891407415
490 -27714.471063815864909 -27726.91733801112423 12.446274195257860384 12.564093479930374286
500 -27714.02047978932751 -27726.895514702871878 12.875034913543428772 12.996912945462835154
510 -27713.570496302410902 -27726.874977658320859 13.304481355910734663 13.430424626298384183
520 -27712.904608547240059 -27726.853161309452844 13.948552762211338774 14.080592960175698281
530 -27712.265547620652796 -27726.830293634418922 14.564746013767454258 14.702619238305022265
540 -27711.751972426493012 -27726.774110637627018 15.022138211133427177 15.164341215062242085
550 -27711.393806473024597 -27726.75120002422409 15.357393551198196491 15.50277015902882205
560 -27710.977336554238718 -27726.724751313577144 15.747414759337672763 15.896483397331639509
570 -27710.551959523305413 -27726.699713292480737 16.147753769176933503 16.300612108010348322
580 -27710.310955514967645 -27726.671215976144595 16.360260461176288516 16.515130437070457248
590 -27709.99389161686122 -27726.642174692715344 16.648283075854827473 16.805879539844834625
600 -27709.652479470962135 -27726.61187958654773 16.959400115583960655 17.119941684791424308
610 -27709.370182447320985 -27726.607983922142012 17.237801474821321079 17.400978455115073018
620 -27708.95823126400137 -27726.575659593883756 17.617428329880937099 17.784198945009013215
630 -27708.453633525412442 -27726.539311522443313 18.085677997032323816 18.256881170849563745
640 -27708.044754641265172 -27726.530991938656371 18.486237297392204226 18.66123225736945912
650 -27707.788594554145675 -27726.494056173447461 18.705461619301843257 18.882531806964507837
660 -27707.347154462902836 -27726.455626289636712 19.108471826735026866 19.289357001405900149
670 -27707.011329554079566 -27726.415693895629374 19.404364341548056672 19.588050502593510771
680 -27706.229868867969344 -27726.373879992112052 20.14401112414240913 20.334698951185934845
690 -27705.871929553388327 -27726.305566863564309 20.433637310176933966 20.627066805090350954
700 -27705.480620598056703 -27726.261242827495153 20.78062222943809445 20.977336363138842756
710 -27705.110294341480767 -27726.243955634359736 21.133661292878670679 21.333717375283381301
720 -27704.877390454090346 -27726.198103389666358 21.320712935574920976 21.522539691708459486
730 -27704.97766543797843 -27726.096136104446487 21.118470666469121966 21.318382950921996866
740 -27704.296458856315439 -27726.048068361917103 21.751609505603450856 21.957515227446094741
750 -27704.191834361768997 -27725.998658353386418 21.806823991617282132 22.013252386441706676
760 -27704.224286808377656 -27725.892893145151902 21.66860633677446657 21.873726331593619676
770 -27703.741846226748748 -27725.841557071791613 22.099710845043230023 22.30891177396253866
780 -27703.372377694216993 -27725.789029263665725 22.416651569448124093 22.628852731919028685
790 -27703.039866424845968 -27725.735496312838222 22.695629887993749918 22.910471923180018905
800 -27702.398708248969342 -27725.681021387998044 23.282313139030335947 23.502708852360125746
810 -27702.087450298466138 -27725.625716362781532 23.538266064316189841 23.761084686710486125
820 -27702.037696415882237 -27725.569691707605671 23.531995291722964225 23.754754553546401752
830 -27701.828862567479518 -27725.54023047982264 23.71136791234339114 23.935825156512372303
840 -27701.490146595686383 -27725.454941393705667 23.96479479801842416 24.1916510391818953
850 -27700.984042247891921 -27725.395296652459365 24.411254404566030018 24.642336934709913265
860 -27700.617694521573867 -27725.334206850107876 24.716512328534239629 24.950484500162659174
870 -27700.458980114119186 -27725.271380032259913 24.812399918139242061 25.047279783671797304
880 -27700.106017046433408 -27725.182590009491832 25.076572963056612764 25.313953551190458313
890 -27699.760551355175267 -27725.089810959863826 25.329259604688552088 25.56903218249708587
900 -27699.125275057715044 -27724.993549444734526 25.868274387020264271 26.113149402320203762
910 -27698.61062015605421 -27724.925090766861103 26.314470610808545104 26.563569421847322616
920 -27698.049128191865748 -27724.800150493283581 26.751022301416433891 27.004253610832080312
930 -27698.099506454189395 -27724.729355167444737 26.62984871325436842 26.881932965707065364
940 -27697.734258941025473 -27724.659811704732419 26.925552763708623161 27.18043621848907776
950 -27697.287551122008153 -27724.586319278423616 27.298768156417033026 27.557184553659453741
960 -27696.868731610018585 -27724.539409166885889 27.670677556868323421 27.932614533750619756
970 -27696.726288808695244 -27724.463899138474517 27.737610329780583385 28.000180907634703686
980 -27696.684418070733955 -27724.415135362276487 27.730717291542600123 27.993222618316622174
990 -27696.350919467880885 -27724.338029381895467 27.987109914016201628 28.252042312129102442
1000 -27696.243216361264786 -27724.260076694263262 28.016860332997808314 28.282074355396673582
1010 -27695.683172801920591 -27724.153970862935239 28.470798061014150449 28.740309162005509336
1020 -27695.649504573473678 -27724.072202514529636 28.422697941055702131 28.691753715285230442
1030 -27695.029436524237099 -27723.96407130964144 28.934634785402568724 29.208536671155290065
1040 -27695.015619824251189 -27723.912374044906755 28.896754220654759848 29.170297520297971516
1050 -27694.76005835883916 -27723.858127025301656 29.098068666463237975 29.373517654799087495
1060 -27694.606815869967249 -27723.747442647400021 29.140626777434022188 29.416478630604192546
1070 -27694.221740849490743 -27723.636918618743948 29.415177769253237017 29.693628585049076207
1080 -27694.07953540489325 -27723.552890999817464 29.473355594925799039 29.752357135355932627
1090 -27693.64591048947841 -27723.467987089105009 29.822076599626562654 30.104379213026774664
1100 -27693.59187840366576 -27723.379025207555969 29.787146803889200442 30.069118763835778196
1110 -27693.634434994593903 -27723.264474366937065 29.630039372343517812 29.910524117328328941
1120 -27693.660888274855097 -27723.178362475657195 29.517474200800947415 29.796893378067888847
1130 -27693.834270796425699 -27723.120824582962086 29.28655378653583341 29.563787018225959002
1140 -27693.07695495110238 -27722.833527410384704 29.756572459282121912 30.038254995473891995
1150 -27686.909190350226709 -27721.899351510473934 34.990161160245939698 35.321386046810538062
1160 -27680.372928230437537 -27720.873547830935422 40.500619600498971806 40.884007749857147473
1170 -27675.794184708625835 -27719.800697496990324 44.006512788365711231 44.423088526318885272
1180 -27668.710728091518831 -27718.728343733055226 50.017615641534746374 50.491093857060128869
1190 -27662.428596960122377 -27717.38618880960712 54.957591849485140756 55.47783301221778629
1200 -27656.333855065589887 -27715.804934220293944 59.471079154705300596 60.034046022925146247
1210 -27651.04916329673506 -27714.270074214255146 63.220910917519454131 63.819374552804369216
1220 -27645.048112193660927 -27712.624819315762579 67.576707122103343295 68.216403722768276907
1230 -27640.281773804912518 -27710.883646536432934 70.601872731522178128 71.270206243324210504
1240 -27637.974870541293058 -27709.244414904933365 71.269544363641145424 71.944198208167520647
1250 -27633.423191262805631 -27707.761503233363328 74.338311970555935204 75.042015472722880531
1260 -27631.533424585442845 -27706.439084394223755 74.905659808782388609 75.614733955642819296
1270 -27628.329775914695347 -27705.171960050956841 76.842184136262190464 77.569589866328570338
1280 -27623.571522797949001 -27703.890448141930392 80.318925343982400022 81.079242703317021324
1290 -27619.796701125600521 -27702.477837575603189 82.681136450002796323 83.463815041171983466
1300 -27616.809715864725149 -27701.176375330775045 84.3666594660504785 85.165293604472950051
1310 -27613.680234312789253 -27699.835701726253319 86.155467413463824755 86.971034817976558884
1320 -27608.850012825416343 -27698.31044798057701 89.460435155160894283 90.307288141935742942
1330 -27601.379445745678822 -27696.661846404756943 95.282400659077595151 96.184365705919447009
1340 -27595.800790995079296 -27695.224395314649882 99.423604319570756616 100.36477094957783152
1350 -27591.393645992786332 -27693.740159652959846 102.3465136601750487 103.31534922003775989
1360 -27588.934626988575474 -27692.285661873524077 103.35103488494939938 104.32937947299873827
1370 -27587.006199671974173 -27690.957052155819838 103.95085248384582144 104.93487508278639098
1380 -27583.191792424498999 -27689.711425606485136 106.5196331819843607 107.52797244787178954
1390 -27578.676197836648498 -27688.569058691580722 109.89286085493387191 110.93313186724030572
1400 -27571.817650670964213 -27687.393047498466331 115.57539682750365273 116.66946002797102722
1410 -27566.268618339767272 -27686.135641805929481 119.86702346616316106 121.00171218818951502
1420 -27563.239965111395577 -27684.762313450053625 121.52234833865907149 122.67270674538933406
1430 -27560.099083117071132 -27683.36683724928298 123.26775413221223232 124.43463495029496357
1440 -27556.325673801344237 -27682.178729862367618 125.8530560610218032 127.0444099398081903
1450 -27553.535084726485366 -27681.118865555083175 127.58378082859611879 128.79151814477762628
1460 -27550.899004191258427 -27680.147765925023123 129.2487617337641268 130.47226014086834311
1470 -27548.735056871144479 -27679.033643373106315 130.29858650196257486 131.53202279098070449
1480 -27546.592099801328004 -27677.839452323125442 131.24735252179903 132.48977004745270847
1490 -27547.283462644089013 -27676.560511587631481 129.27704894354315002 130.50081512385958149
1500 -27542.986922489391873 -27675.456571672460996 132.46964918307079984 133.72363724911508598
1510 -27538.315457854430861 -27674.297673138367827 135.98221528393784752 137.26945410590124652
1520 -27533.467930904396781 -27672.895925678290951 139.42799477389380058 140.74785213440750908
1530 -27524.06515624577878 -27671.418557886208873 147.35340164043046229 148.74828271913526123
1540 -27520.756901658947754 -27669.805994406320679 149.04909274737420333 150.46002562681161407
1550 -27517.370892990038556 -27667.978187858461752 150.60729486842274127 152.03297804633479018
1560 -27517.158886804361828 -27665.856527539919625 148.69764073555833761 150.10524668968628248
1570 -27515.538636198813037 -27663.868895388186502 148.33025918937420329 149.73438742556871262
1580 -27513.138293475774844 -27661.612994896102464 148.47470142032778995 149.88019697979191847
1590 -27508.979751304053934 -27659.509632028901251 150.52988072484728832 151.9548310827300952
1600 -27505.750567077182495 -27657.699176345173328 151.94860926799054823 153.38698963548711163
1610 -27502.802292387663329 -27655.968061869156372 153.16576948149219106 154.6156717665872975
1620 -27498.731679880256706 -27654.317134922595869 155.58545504234044188 157.05826262563473961
1630 -27495.923609222118102 -27652.543999718989653 156.62039049687004422 158.10299501642188602
1640 -27494.64427804990919 -27651.151746050876682 156.50746800096868583 157.98900357028838926
1650 -27491.333536023823399 -27649.646768788763438 158.31323276494089214 159.81186211746353365
1660 -27486.217365871230868 -27648.242643617180875 162.02527774594830134 163.55904616719732303
1670 -27481.998468524678174 -27646.62819898566886 164.62973046098929331 166.18815322867448003
1680 -27475.259422843024367 -27645.383863920917065 170.1244410778932945 171.73487803586627365
1690 -27472.908294145297987 -27644.473588069697144 171.56529392440040738 173.18937032571446366
1700 -27470.045727347209322 -27643.529261684299854 173.48353433709144156 175.12576924188272187
1710 -27469.037939726480545 -27642.751453655102523 173.71351392862308671 175.35792587294753275
1720 -27467.676853080014553 -27642.021728384235757 174.3448753042228816 175.99526386005982204
1730 -27469.845911001244531 -27641.550048635966959 171.70413763472353708 173.32952836242756689
1740 -27461.652423183233623 -27641.049813466670457 179.39739028343663563 181.09560710428760899
1750 -27463.829752444697078 -27640.357148669700109 176.52739622500340033 178.19844502418987986
1760 -27467.25638827999137 -27639.819162610736385 172.56277433074669148 174.19629311024613116
1770 -27466.408594701675611 -27639.049172293558513 172.64057759188273167 174.27483287488743713
1780 -27461.720034396232222 -27638.331115428394696 176.61108103216363929 178.28292201091829838
1790 -27459.986206837100326 -27637.55155204075345 177.56534520365210028 179.24621946580623444
1800 -27456.174979370476649 -27636.511229865158384 180.33625049468008683 182.04335478151170946
1810 -27456.045298410088435 -27635.172008246998303 179.12670983690881599 180.82236433460312242
1820 -27456.931191370604211 -27633.668683562238584 176.73749219163534008 178.41052980740360567
1830 -27456.617642772198451 -27632.491464897153492 175.87382212495410272 177.53868404188648356
1840 -27458.006149248722068 -27631.41966112110822 173.41351187238436182 175.05508392847303867
1850 -27457.372327318789758 -27629.937260791692097 172.56493347290322049 174.19847269133725831
1860 -27453.175357488638838 -27628.44805692565933 175.27269943701901411 176.93187098878814822
1870 -27456.119560317885771 -27627.058834580278926 170.93927426239301326 172.55742461807994914
1880 -27458.521197651443799 -27625.711742558287369 167.19054490684513326 168.77320893110689326
1890 -27457.334985557790787 -27624.348442434689787 167.01345687689862984 168.59444454527388757
1900 -27454.742395432545891 -27622.952415598636435 168.21002016608915142 169.80233477685584376
1910 -27450.844855825940613 -27621.852900457495707 171.00804463155466806 172.62684598332077712
1920 -27447.919424301038816 -27620.871676703922276 172.95225240288166901 174.5894580710945263
1930 -27449.545527174504969 -27619.866915279133536 170.32138810462885203 171.93368940830433189
1940 -27450.397542640876054 -27619.155205217084585 168.75766257620782085 170.35516129556833675
1950 -27448.181010450698523 -27618.333534436405898 170.15252398570842729 171.7632267829243915
1960 -27446.124717275572038 -27617.468146755731141 171.34342948016077912 172.96540566178623521
1970 -27448.492505299487675 -27616.32343829592719 167.83093299643826413 169.41965908115645334
1980 -27449.004467831011425 -27615.564484670394449 166.56001683938200131 168.13671214041713142
1990 -27448.011336929972458 -27614.442331837315578 166.43099490734175561 168.00646885719166335
2000 -27447.838123180143157 -27613.546380883628444 165.70825770348596961 167.27689005728643679
2010 -27444.41624431550008 -27612.493039226916153 168.07679491141652761 169.66784838138241298
2020 -27447.516983322453598 -27611.64093317026709 164.12394984781244034 165.67758478026991042
2030 -27443.84794642574343 -27610.608124898535607 166.76017847279308626 168.33876854973442505
2040 -27443.640498454966291 -27609.814604074694216 166.17410561972829441 167.74714779669324116
2050 -27442.13853247494626 -27609.189982619820512 167.05145014487260369 168.6327974662319491
2060 -27442.975020269594097 -27608.742704504693393 165.76768423509878403 167.33687913407021597
2070 -27439.247238982487033 -27608.409320839702559 169.16208185721708901 170.76340890219930202
2080 -27439.348103450549388 -27608.300098594052542 168.95199514350218806 170.55133345949280965
2090 -27435.480053748167848 -27608.030507906987623 172.55045415881843951 174.18385631274617253
2100 -27436.904683677028515 -27607.855202334521891 170.95051865749354647 172.56877545520214312
2110 -27438.530978959952336 -27607.68378083728021 169.15280187732895456 170.75404107589423575
2120 -27436.015060552472278 -27607.573064187025011 171.55800363455122692 173.18201102431035565
2130 -27438.721306614712375 -27607.633804291392153 168.91249767668097093 170.51146210059641817
2140 -27439.627865244587156 -27607.344559078224847 167.7166938336361568 169.30433850425146147
2150 -27415.907001792838855 -27597.436976027871424 181.52997423503214236 183.24837858443495975
2160 -27403.926883058007661 -27593.182653298714285 189.25577024070545917 191.04730874613233027
2170 -27390.384903982445394 -27574.947687689829763 184.56278370738479566 186.3098973264835081
2180 -27370.291782156811678 -27571.219365792159806 200.92758363534682076 202.82961020197291191
2190 -27356.74546157183795 -27569.155426751160121 212.40996517932256893 214.42068660182476947
2200 -27345.922138979207375 -27558.918015293365897 212.99587631415823807 215.01214410577500757
2210 -27333.025645659748989 -27563.881125260577392 230.85547960082772079 233.04081049122885361
2220 -27313.075024921305157 -27568.264534212452418 255.18950929114765813 257.60519168484489683
2230 -27299.569499872930464 -27543.153865509775642 243.58436563684645648 245.89019108038968398
2240 -27293.20404502387828 -27542.583529702722444 249.37948467884373827 251.7401680476912702
2250 -27282.552596530647861 -27537.025933187826013 254.47333665717812323 256.8822395965493115
2260 -27283.955364367473521 -27533.32549708935403 249.37013272188150381 251.7307275629606238
2270 -27275.079516984485963 -27527.579803256860032 252.50028627237455225 254.89051186450805631
2280 -27265.548366158694989 -27538.431123895588826 272.88275773689287007 275.46592847631569612
2290 -27263.306989443921339 -27527.976501093042316 264.66951164912183003 267.17493391830208793
2300 -27257.179611796447716 -27518.547028650686116 261.36741685423749004 263.84158073712876558
2310 -27245.277910419212276 -27526.720929448481911 281.44301902927082892 284.10722316441155044
2320 -27251.6191527363153 -27510.250936728989473 258.63178399267326313 261.08005174779009394
2330 -27232.870527496059367 -27509.99946011252905 277.12893261647042209 279.75229862068152897
2340 -27232.48369389868094 -27504.514504988779663 272.030811090100201 274.60591710726720294
2350 -27217.687790898817184 -27503.430269522676099 285.74247862385988128 288.44738242911603265
2360 -27221.875903349970031 -27491.003850933608192 269.12794758363781966 271.6755744294104602
2370 -27215.977072215380758 -27489.390529264244833 273.41345704886441581 276.00165150962999405
2380 -27200.150339696036099 -27489.127976325424243 288.97763662938848483 291.71316518194123546
2390 -27198.862712957616168 -27484.996606891341798 286.13389393372568748 288.84250296603170227
2400 -27198.092043589356763 -27490.746534959296696 292.65449136994004675 295.42482587233610047
2410 -27183.76655720785493 -27486.747197392527596 302.98064018467209735 305.84872437887850083
2420 -27188.042286061576306 -27476.608247284646495 288.56596122307115593 291.29759276185666295
2430 -27191.774067351721897 -27481.045540192120825 289.27147284039978103 292.00978291388389607
2440 -27186.940339059339749 -27467.828038701009064 280.88769964167022408 283.5466469961884286
2450 -27187.712726671055862 -27467.215427770548558 279.50270109949195785 282.14853774031774947
2460 -27182.072665944175242 -27478.441173709816212 296.36850776564125454 299.17399999862709592
2470 -27176.296218646442867 -27474.232089329518203 297.9358706830738015 300.75619993273284081
2480 -27175.653593940089195 -27471.072760403243592 295.41916646315371509 298.21567201374654132
2490 -27161.410069876630587 -27471.903897986598167 310.49382810996888793 313.43303386337299798
2500 -27166.727262910102581 -27475.333715275446593 308.60645236534384139 311.52779178729394971
2510 -27173.047300395050115 -27471.399607297054899 298.35230690200313575 301.17657823237294679
2520 -27166.486469252879033 -27472.814173439299338 306.32770418642138566 309.22747245573754071
2530 -27160.447599620911205 -27468.175671222270466 307.72807160135914728 310.64109606964041177
2540 -27165.955087698279385 -27470.042964937936631 304.08787723965849636 306.96644279364653585
2550 -27165.74322063823638 -27468.135756561394373 302.39253592315645847 305.25505298760839423
2560 -27165.366060505679343 -27467.454845469008433 302.0887849633296014 304.94842665156500061
2570 -27167.480542696888733 -27477.490428335637262 310.00988563874989268 312.94451028178417573
2580 -27155.91296780988705 -27467.466208030891721 311.55324022100501224 314.50247461230810586
2590 -27164.720589980854129 -27478.677842352852167 313.95725237199820867 316.92924369340988733
2600 -27168.010632740410074 -27474.834438562764262 306.82380582235305155 309.72827030347957589
2610 -27168.673809054944286 -27471.630403972238128 302.95659491729429647 305.82445149348768609
2620 -27160.250140006057336 -27471.712067036965891 311.46192703090690657 314.41029703062019962
2630 -27166.415517987501516 -27462.454940774536226 296.03942278703561897 298.84179982617570204
2640 -27153.941257364589546 -27466.217810087484395 312.2765527228932001 315.23263415614877658
2650 -27163.164192664684379 -27464.540451033237332 301.37625836855187345 304.22915511670402111
2660 -27163.705271427537809 -27467.728575835946685 304.02330440840773917 306.90125870117270779
2670 -27159.269429541218415 -27469.136398616152292 309.86696907493239905 312.8002408370118701
2680 -27159.475320587731403 -27482.085363375445013 322.61004278771537201 325.66394340673753049
2690 -27153.571784085856052 -27470.502547036994656 316.93076295114030927 319.93090220533127876
2700 -27173.772879608310177 -27473.586387214883871 299.81350760657244336 302.65161099777219533
2710 -27180.599674698576564 -27478.959192323243769 298.3595176246674896 301.18385721339097927
2720 -27158.383915839425754 -27464.559828357880178 306.17591251845277611 309.07424389304378565
2730 -27158.618429009467945 -27473.717449285992188 315.09902027652424295 318.08181983465505027
2740 -27165.642456014084019 -27490.32588618304726 324.68343016896358222 327.7569579482326958
2750 -27174.083103845048754 -27483.715755502569664 309.63265165751954555 312.56370531721171346
2760 -27185.032809834287036 -27504.722825131706486 319.69001529742052981 322.71627426684273132
2770 -27183.094403077884635 -27480.767389062755683 297.67298598487121808 300.49082670771429093
2780 -27178.19577357822709 -27485.148141587338614 306.95236800911015962 309.85804948936765868
2790 -27183.361472335280268 -27472.006965684850002 288.64549334956825533 291.37787775769481868
2800 -27178.778508042640169 -27461.846622918394132 283.06811487575384945 285.74770254070864439
2810 -27169.671425102093053 -27472.518703337802435 302.84727823570904093 305.71409999513514322
2820 -27179.692265351521201 -27475.01593259476067 295.32366724323992457 298.11926877632515698
2830 -27172.648145579001721 -27474.423416767611343 301.77527118860842847 304.63194508358355961
2840 -27181.246280146522622 -27469.035916434986575 287.78963628846258871 290.51391895745507554
2850 -27181.207624438502535 -27465.285870159015758 284.07824572051140422 286.7673955156015495
2860 -27179.702447791878512 -27467.254610710682755 287.55216291880486779 290.27419761044262714
2870 -27175.074128822951025 -27467.569579814611643 292.49545099166152795 295.26427998137893383
2880 -27168.081095013043523 -27468.01812094613706 299.93702593309285476 302.77629857708637928
2890 -27168.699568695465132 -27467.698766128632997 298.99919743316650056 301.82959237759519056
2900 -27187.00679929931357 -27462.917389631504193 275.91059033219005414 278.52242322904965022
2910 -27174.397045044908737 -27471.429448330858577 297.03240328595006758 299.84418010612023409
2920 -27169.704454054935923 -27468.150432573711441 298.44597851877676931 301.27113656614392312
2930 -27177.02639650780111 -27473.232559273412335 296.20616276561071345 299.01011820361088667
2940 -27177.94157659560733 -27479.185362809679646 301.24378621407322498 304.09542895044364741
2950 -27163.797384519777552 -27466.952101803326514 303.1547172835477113 306.02444933147688744
2960 -27166.286669664994406 -27457.486308178209583 291.19963851321665516 293.95620104496560998
2970 -27158.252655459815287 -27464.676846339549229 306.42419087973297565 309.32487251420633356
2980 -27156.207900221306772 -27462.745196924341144 306.53729670303545163 309.4390490231601234
2990 -27174.034829471514968 -27458.848638879673672 284.81380940815881786 287.50992221773424262
3000 -27158.215073676325119 -27475.521745092311903 317.30667141598775061 320.31036910587891953
3010 -27144.166497562837321 -27470.086575716850348 325.92007815401399284 329.00531232659443504
3020 -27156.823372454804485 -27457.356235970932175 300.53286351612700855 303.37777649526924506
3030 -27154.721147127671429 -27468.226511310145725 313.50536418247378379 316.47307782669417975
3040 -27154.797549901461025 -27467.993011836151709 313.19546193468988804 316.16024197319183031
3050 -27149.568450314938673 -27462.093399372846761 312.52494905790729263 315.48338186781160175
3060 -27167.239950853923801 -27462.698287614577566 295.4583367606527986 298.25521310626101013
3070 -27168.005058468126663 -27471.912450926385645 303.90739245825824355 306.7842495019318676
3080 -27171.555683550632239 -27459.169790158619435 287.61410660798645722 290.33672767278574156
3090 -27163.483331809547963 -27459.190027239892515 295.70669543034370008 298.50592279605206159
3100 -27175.142911461800395 -27461.990094423581468 286.84718296178238006 289.56254415153983928
3110 -27173.354409152183507 -27476.534066235784849 303.17965708359963628 306.04962521739321346
3120 -27176.786053848132724 -27471.062389533108217 294.27633568497572014 297.06202293744382814
3130 -27176.927211308291589 -27466.102398033977806 289.17518672568542115 291.91258533273537523
3140 -27176.940628894077236 -27477.597953887583571 300.65732499350457374 303.50341615352277813
3150 -27175.199826913751167 -27480.384230800056685 305.18440388630415327 308.0733494128932648
3160 -27178.699583575675206 -27483.211213197198958 304.51162962152380942 307.39420651269813334
3170 -27191.304890640272788 -27470.626678460896073 279.321787820623058 281.96591189487912743
3180 -27187.544607950690988 -27477.663865695190907 290.11925774449940718 292.86559314422896705
3190 -27189.227009037087555 -27467.304490081674885 278.07748104458676153 280.7098262256603789
3200 -27182.73508880733425 -27479.189693056774558 296.45460424944025135 299.2609114914781685
3210 -27184.920051576933474 -27481.682202159521694 296.76215058258799218 299.57136912871635559
3220 -27189.671136727600242 -27471.015967609921063 281.34483088232121872 284.00810554595460644
3230 -27178.156032613529533 -27473.367028950247914 295.21099633671911988 298.00553130117492628
3240 -27172.071822565620096 -27467.185317975650833 295.11349541003141894 297.90710740836442483
3250 -27167.19498990340071 -27465.711029087386123 298.51603918398376436 301.34186044166818874
3260 -27166.951957206285442 -27466.231570777163142 299.2796135708782117 302.11266299874807828
3270 -27159.50659316911333 -27464.408034720552678 304.90144155143849503 307.78770849170047086
3280 -27154.472039426091214 -27469.672457114895224 315.20041768880224708 318.18417709808164773
3290 -27174.227806032155058 -27471.911019775274326 297.68321374311869931 300.50115128426591582
3300 -27170.451034268200601 -27473.614466761537187 303.16343249333596077 306.03324704143886947
3310 -27165.430235796506167 -27462.987849662269582 297.55761386576210725 300.37436244967818766
3320 -27161.437076778747723 -27468.211158967707888 306.77408218895902792 309.67807597477337822
3330 -27167.100924201462476 -27470.510670190615201 303.40974598915141769 306.28189219726976944
3340 -27164.323833496557199 -27480.148890584394394 315.825057087835944 318.814729476856769
3350 -27165.569046702257765 -27471.408547589766385 305.83950088750754048 308.73464771248217176
3360 -27175.153652610726567 -27475.127378078439506 299.97372546771322277 302.81334551791434251
3370 -27179.675427856302122 -27472.9823626626021 293.30693480629992109 296.08344548782838501
3380 -27192.126907128782477 -27478.646810646179802 286.51990351739806329 289.23216660491056018
3390 -27191.112215374367224 -27467.331349417596357 276.21913404322907581 278.83388768558688753
3400 -27180.307298132160213 -27470.780404063880269 290.47310593172034032 293.22279093950504603
3410 -27183.855713590080995 -27471.761357057759597 287.90564346767723691 290.63102428722123705
3420 -27186.595480571289954 -27477.659435380701325 291.06395480941250753 293.81923292811757165
3430 -27181.604721004889143 -27469.255946861485427 287.65122585659588594 290.37419830071161186
3440 -27177.592509687856364 -27485.720407779648667 308.12789809179378153 311.04470740928832129
3450 -27182.986256349213363 -27486.522705669951392 303.53644932073655127 306.40979493163666803
3460 -27175.239637897859211 -27474.166574746690458 298.92693684883101923 301.75664775800362349
3470 -27178.411808462187764 -27472.446218443226826 294.03440998103764059 296.81780710933406908
3480 -27170.370960031799768 -27460.547325071493105 290.17636503969447404 292.92324103017142534
3490 -27161.94346914110065 -27457.920440010631864 295.97697086953286316 298.77875672450562661
3500 -27164.032222613426711 -27461.359590391752135 297.32736777832445796 300.14193679999607411
3510 -27167.028349977103062 -27471.405312301547383 304.37696232444369571 307.25826442411317885
3520 -27172.469338407256146 -27468.32050998644263 295.85117157918546127 298.65176658923797959
3530 -27170.182715470953553 -27467.727331794681959 297.54461632373016755 300.36124186993390595
3540 -27170.729957471136004 -27464.446532267473231 293.71657479633904586 296.49696322391764625
3550 -27166.142277778661082 -27464.496453757587005 298.35417597892478625 301.17846500240517571
3560 -27165.005582782698184 -27461.263830289688485 296.25824750699081278 299.06269599109259616
3570 -27165.189589137949952 -27464.712226274314162 299.52263713636563125 302.35798708101629018
3580 -27159.196510244859383 -27454.090547960080585 294.89403771522108855 297.68557227670731891
3590 -27157.333055892831908 -27453.184033756013378 295.85097786318215185 298.65157103947456108
3600 -27141.788070984544902 -27456.643670967692742 314.85559998314744234 317.83609526898032982
3610 -27159.187162962771254 -27460.158603840434807 300.97144087766469056 303.82050553064919995
3620 -27156.994896500593313 -27455.655908653068764 298.66101215247442724 301.48820575751170736
3630 -27152.708677429600357 -27460.168469611540786 307.4597921819416797 310.37027705573933645
3640 -27157.815634027818305 -27466.802798611075559 308.98716458325770873 311.91210791433570648
3650 -27157.313064551148273 -27458.139414841927646 300.82635029077823674 303.67404148300721545
3660 -27162.40136922551028 -27457.051645100815222 294.65027587530551045 297.43950293133599416
3670 -27169.264537707989803 -27468.912158823965001 299.6476211159755394 302.48415418762806439
3680 -27170.817833433047781 -27479.019448088296485 308.20161465524739697 311.11912179063011763
3690 -27178.98759600995254 -27468.840528392109263 289.85293238215672318 292.59674668495489414
3700 -27176.805202489249496 -27492.408496951098641 315.60329446184766766 318.59086759501479946
3710 -27179.781474071929551 -27480.311401609451423 300.52992753752079125 303.37481272401652177
3720 -27188.901671544819692 -27475.787651899147022 286.88598035432693223 289.60170880909595326
3730 -27187.595688609922945 -27482.395916364592267 294.8002277546685832 297.59087428956354415
3740 -27193.225500658409146 -27477.184663150906999 283.95916249249836483 286.64718501845391074
3750 -27182.778044143575244 -27488.654106123758538 305.87606198018318082 308.77155490084220446
3760 -27185.15897609233798 -27489.035126730694174 303.87615063835653473 306.75271193980120188
3770 -27177.525301734804088 -27480.418187575043703 302.89288584023910289 305.76013933170463588
3780 -27188.836548921412032 -27482.725696237983357 293.88914731657291668 296.67116935518799892
3790 -27180.428993517878553 -27476.010758954791527 295.58176543691473626 298.37981018666681621
3800 -27174.019948697856307 -27450.362483402896032 276.34253470503972494 278.95845648635014413
3810 -27177.953376736306382 -27463.754844696111832 285.80146795980715524 288.50693017163985132
3820 -27177.291526499448082 -27460.158521013319842 282.86699451387340787 285.54467832737850586
3830 -27174.484565600949281 -27466.506953526633879 292.02238792568283543 294.78673879197435781
3840 -27168.855886488297983 -27459.698639471935167 290.84275298363894535 293.59593715515370604
3850 -27173.767183154192026 -27472.963469016292947 299.19628586210097865 302.02854649077784188
3860 -27166.541960831793403 -27477.700610650354065 311.15864981855980886 314.1041489266588087
3870 -27156.182092784973065 -27475.967694167149602 319.78560138217767417 322.81276519138998538
3880 -27169.281478882225201 -27470.842093174858746 301.56061429263439777 304.41525619622501608
3890 -27167.477724646872957 -27471.733529788863962 304.25580514199270965 307.13596033999948531
3900 -27170.534257568862813 -27472.484224334613828 301.94996676575169658 304.80829436910664754
3910 -27173.876300561703829 -27471.717486934605404 297.84118637290310971 300.66061931917698757
3920 -27164.306380202124274 -27473.882648062197404 309.57626786007330111 312.5067877778135994
3930 -27163.147295205537375 -27469.876720602886053 306.72942539734970069 309.63299645173771069
3940 -27180.196041028219042 -27474.45870197757904 294.26266094935942874 297.04821875364541484
3950 -27175.645185123084957 -27472.810121402861114 297.16493627977746428 299.97796768764857234
3960 -27172.288640872779069 -27462.777851340477355 290.4892104676987401 293.23904792471279279
3970 -27168.206059688680398 -27464.261531477430253 296.05547178875048075 298.85800075141980869
3980 -27185.048810536351084 -27476.247068740231043 291.19825820388007287 293.95480766930444361
3990 -27186.677219102261006 -27479.768456162011717 293.09123705975150642 295.86570589696538036
4000 -27178.439159933088376 -27479.852924682367302 301.41376474927943718 304.26701654142942743
4010 -27174.181827575655916 -27467.668428462897282 293.48660088724284378 296.26481232907957519
4020 -27179.626087692107831 -27463.835853412056167 284.20976571994935966 286.90016051350335147
4030 -27177.287400601449917 -27484.447504499406932 307.16010389795809488 310.06775185376005766
4040 -27178.095641038220492 -27470.94125841974892 292.84561738152723365 295.61776112656201576
4050 -27186.628951698912715 -27469.938497537168587 283.30954583825626969 285.99141894404692721
4060 -27180.259073026885744 -27476.178361767066235 295.91928874018202578 298.72052856289548117
4070 -27186.730309619051695 -27487.038862086839799 300.30855246778907031 303.151342067127473
4080 -27195.050162757688668 -27489.366211317254056 294.31604855956425126 297.10211174320681948
4090 -27196.522983663369814 -27473.773584666945681 277.25060100357461579 279.87511874862889272
4100 -27198.499104158123373 -27488.026998690231267 289.52789453210863257 292.26863195210768254
4110 -27208.738762271848827 -27478.236122476017044 269.49736020416662541 272.04848399448803775
4120 -27207.700537121847447 -27477.39671714650467 269.69618002465574591 272.24918588897463678
4130 -27202.205512519474723 -27477.325409957309603 275.11989743783584572 277.72424545450184041
4140 -27181.084670050866407 -27476.81065126671092 295.72598121584400133 298.52539114521891861
4150 -27159.433819478079386 -27471.168656020272465 311.73483654219307937 314.68578996590105135
4160 -27158.878192199386831 -27464.320060264406493 305.44186806501983256 308.33325080654486783
4170 -27147.133890263736248 -27455.591602388070896 308.45771212433362507 311.37764353706563725
4180 -27143.432028438466659 -27447.135223967386992 303.70319552892027559 306.57811959765137999
4190 -27136.751047885645676 -27461.533453017116699 324.78240513147028423 327.85686983042313614
4200 -27139.838450042261684 -27461.540275237086462 321.70182519482631278 324.74712841791756546
4210 -27155.233964028797345 -27445.602239615713188 290.36827558691481954 293.11696824662465133
4220 -27147.172804587706196 -27450.372981614309538 303.20017702660413761 306.0703394068821126
4230 -27149.13234696674408 -27470.566074384696549 321.43372741795178626 324.47649276602936652
4240 -27152.70682712915368 -27463.100437804947433 310.39361067579301334 313.33186774799173691
4250 -27152.247013730899198 -27465.026152272152103 312.77913854125273474 315.73997756707592544
4260 -27163.757276359257958 -27463.238400705071399 299.48112434581395291 302.31608132087302465
4270 -27161.101293025829364 -27457.448424228183285 296.34713120235301176 299.15242107989047327
4280 -27156.85835154068991 -27448.043043280526035 291.18469173983561404 293.94111278200136894
4290 -27150.365691031041933 -27456.895666742504545 306.52997571146352129 309.43165872940375039
4300 -27137.636047900017729 -27446.081398180023825 308.44535028000746024 311.36516467268728547
4310 -27143.383823359257804 -27456.259011045614898 312.87518768635618471 315.83693593540488109
4320 -27161.301783175778837 -27462.087374389768229 300.78559121398961906 303.63289657145423917
4330 -27168.669034007099981 -27466.778508571384009 298.10947456428323221 300.93144718807815252
4340 -27164.92162507071771 -27461.340762821393582 296.41913775067575898 299.22510925870619758
4350 -27174.611181331591069 -27455.387931428842421 280.77675009725311384 283.43464717795018259
4360 -27166.579396633940632 -27459.808678073030023 293.22928143908825405 296.00505703604170549
4370 -27170.345178538118489 -27459.493240225499903 289.14806168738067527 291.88520352260002255
4380 -27170.845930527582823 -27451.72650252841413 280.88057200083039788 283.53945188346654049
4390 -27169.504919571376377 -27475.572983245154319 306.0680636737767486 308.96537412648115151
4400 -27181.848444890689279 -27480.514634436331107 298.66618954564262367 301.49343216107047283
4410 -27176.207419297086744 -27475.693640331071947 299.48622103398497529 302.32122625546259087
4420 -27178.597552750485193 -27463.625301472766296 285.02774872228275171 287.72588673044839425
4430 -27171.620748630484741 -27471.67438991670133 300.05364128621624786 302.8940178378749124
4440 -27161.640479610177863 -27456.963946306066646 295.3234666958896355 298.11906633054763915
4450 -27146.929782288225397 -27460.675467438744818 313.74568515051959139 316.71567372811381347
4460 -27146.37147843292405 -27455.689207260307739 309.31772882738289354 312.24580135537314618
4470 -27159.737927705118636 -27451.051061895483144 291.31313419036342793 294.07077109820960459
4480 -27164.99181586459963 -27454.169731618771038 289.17791575417044214 291.91534019482963913
4490 -27155.79285619005168 -27453.951680180442054 298.15882399038918038 300.98126376716430741
4500 -27171.101097717113589 -27455.072709111893346 283.97161139477924507 286.6597517648975213
4510 -27173.112554654766427 -27451.030924583654269 277.91836992888613622 280.54920892766443785
4520 -27173.274812197341816 -27464.919774964175303 291.64496276683325959 294.40574084005152145
4530 -27174.702260823625693 -27468.828037439569016 294.12577661594190204 296.91003864174888349
4540 -27181.276077653350512 -27461.12303047432215 279.84695282097021618 282.49604822750654876
4550 -27182.22368756691867 -27468.623284755885834 286.39959718896625418 289.11072142919522321
4560 -27179.149795573506708 -27474.674947993182286 295.5251524196750097 298.32266125762811271
4570 -27187.111977688527986 -27484.39730742006941 297.28532973154176489 300.09950081142585532
4580 -27185.387260986892215 -27473.661699033134937 288.27443804624363111 291.00330995980954185
4590 -27182.946171020306792 -27471.338111436412873 288.39194041610500108 291.12192463403982856
4600 -27183.524739410513575 -27476.913651015496725 293.38891160498394584 296.16619829768086447
4610 -27177.564978482110746 -27445.533611940008996 267.96863345789932964 270.50528597040062095
4620 -27170.977290176670067 -27457.96088490508555 286.98359472841389106 289.70024722322483512
4630 -27177.140040099009639 -27457.220196645510441 280.08015654650182569 282.73145951296282874
4640 -27169.563107399790169 -27474.420340269738517 304.85723286994794989 307.74308132069671728
4650 -27158.262804389454686 -27456.840752699776203 298.57794831032055072 301.40435561398669506
4660 -27152.096162889174593 -27456.593032766602846 304.49686987742796873 307.3793070494811559
4670 -27155.590115859460639 -27457.219457967039489 301.62934210757862274 304.48463460442042106
4680 -27153.454739356864593 -27447.963388632830174 294.50864927596609277 297.29653566214125249
4690 -27157.465808634835412 -27455.720125702275254 298.25431706744143412 301.07766080357441751
4700 -27161.089994097797899 -27460.771859406559088 299.68186530876255347 302.51872254379401284
4710 -27160.663759779661632 -27470.713853536930401 310.05009375726928056 312.98509901957061174
4720 -27163.219844539242331 -27477.665957058237836 314.44611251899368654 317.4227315026213887
4730 -27166.282055185012723 -27475.995704696510074 309.71364951149826084 312.64546991544381171
4740 -27175.799211407109397 -27462.177957022671762 286.37874561556191111 289.08967247001709211
4750 -27176.026522867803578 -27467.855362540351052 291.82883967254701929 294.59135836670606068
4760 -27184.475027828597376 -27467.403474548304075 282.92844671970692616 285.60671225387955019
4770 -27181.883891750137991 -27465.724431730344804 283.84053998020755216 286.52743959826915443
4780 -27165.621372189740214 -27458.920204538677353 293.29883234893748067 296.07526633074718347
4790 -27178.815963333127002 -27464.761692096522893 285.94572876339640288 288.65255658106570991
4800 -27170.318130244027998 -27466.52037789978931 296.20224765576028858 299.0061660324331001
4810 -27167.782406782625912 -27459.064730942518509 291.28232415989089077 294.03966941292583215
4820 -27166.113970465317834 -27464.378599998479331 298.2646295331607007 301.08807088945820851
4830 -27162.820749910388258 -27451.328396644410532 288.5076467340218187 291.23872625448615281
4840 -27156.525359068506077 -27467.492116752920992 310.96675768441417631 313.91044029758268152
4850 -27152.329651888059743 -27462.624818900563696 310.29516701250560118 313.23249219442072899
4860 -27166.230393144815025 -27462.649727510397497 296.41933436558423409 299.22530773481645383
4870 -27162.101708310197864 -27454.60429790737544 292.50258959717695006 295.27148616257062486
4880 -27163.500274114521744 -27444.355636332784343 280.85536221826208703 283.51400345931739366
4890 -27155.560665753710055 -27457.71581932263507 302.15515356892603904 305.01542351759616167
4900 -27169.378347386435053 -27474.089455083601933 304.71110769716767663 307.59557289353369924
4910 -27177.376001711076242 -27461.238157927582506 283.8621562165060368 286.54926045881563823
4920 -27167.347729499029811 -27461.37736128972756 294.02963179069945454 296.81298368755079764
4930 -27166.029572272338555 -27461.688395924229553 295.65882365189179382 298.45759785237140704
4940 -27179.119300867114362 -27465.504290128599678 286.38498926148395185 289.09597521972273171
4950 -27180.740068763945601 -27470.567023104671534 289.82695434072542184 292.57052272942826221
4960 -27187.039286691124289 -27462.90122341082315 275.86193671969994057 278.47330905031054726
4970 -27183.553217795924866 -27475.010406586479803 291.45718879055522166 294.21618935226939584
4980 -27187.078642240816407 -27468.558482643293246 281.47984040247661142 284.14439309717687365
4990 -27184.763623129128973 -27470.888758009139565 286.12513488001229689 288.83366099710792696
5000 -27186.004125550432946 -27458.951821790324175 272.94769623989128604 275.53148170206975465
5010 -27175.918759332162153 -27466.964582040618552 291.04582270845764924 293.80092918453857465
5020 -27173.423091646171088 -27475.052251279208576 301.62915963303578337 304.4844504025317633
5030 -27169.970551407466701 -27456.588120788237575 286.6175693807698508 289.33075699573362272
5040 -27172.610165387173765 -27462.725658168514201 290.115492781338844 292.86179254106406233
5050 -27164.138275942957989 -27460.385756724012026 296.24748078105568538 299.05182734486163554
5060 -27156.855661706114915 -27456.846214760538714 299.99055305442396957 302.83033239841836348
5070 -27154.391064447809185 -27459.670336140996369 305.27927169318684264 308.16911526018304812
5080 -27129.785582119795436 -27452.124684304922994 322.33910218512824031 325.39043801829683389
5090 -27130.347940407111309 -27440.899639961793582 310.5516995546815906 313.49145313244758881
5100 -27142.110450496937119 -27440.959931876946939 298.84948138000811468 301.6784590779572568
5110 -27147.497277348229545 -27449.544596405045013 302.04731905681575199 304.90656821927461806
5120 -27141.86906187009663 -27445.6163409927467 303.74727912264881979 306.62262049678372478
5130 -27136.631639356823143 -27446.064117780639208 309.43247842381759938 312.36163719779250414
5140 -27147.248432753309316 -27467.929997377497784 320.6815646241885247 323.71720982683717693
5150 -27155.885758356369479 -27459.569091947556444 303.68333359118821591 306.55806964226366063
5160 -27152.620286611683696 -27450.502286379207362 297.88199976752230214 300.7018190627455283
5170 -27150.784732270534732 -27442.415530116362788 291.63079784582987486 294.39144183065877769
5180 -27137.458682860975387 -27442.417227572226693 304.95854471125215923 307.84535220311505554
5190 -27138.890963743157045 -27447.447969782318978 308.55700603916119462 311.47787739085271141
5200 -27145.080231377676682 -27459.875317361438647 314.79508598376128248 317.77500843020396815
5210 -27158.454367958056537 -27438.778414495012839 280.32404653695783736 282.97765822197698071
5220 -27167.130985687275825 -27445.874982939927577 278.74399725265084271 281.38265182893979954
5230 -27167.636114726985397 -27464.643894013141107 297.00777928615673318 299.81932300990013118
5240 -27173.231069783309067 -27472.857905779615976 299.62683599630827302 302.46317231125334501
5250 -27160.613561405545624 -27462.544124427808129 301.93056302226415255 304.78870694533520691
5260 -27164.412008624487498 -27467.146247708289593 302.73423908380300418 305.5999907887044742
5270 -27157.648699161476543 -27455.988237846366246 298.33953868489032857 301.16368914839000581
5280 -27154.866062275683362 -27464.556460120169504 309.69039784448642649 312.62199814282195121
5290 -27164.784448551468813 -27468.331774654645415 303.54732610317819308 306.42077467619429854
5300 -27168.990962652154849 -27465.365487520823081 296.37452486866709478 299.1800740609295417
5310 -27173.137909372711874 -27480.831560559934587 307.69365118722106445 310.60634982397169779
5320 -27179.890567307305901 -27485.128894923043845 305.23832761573822836 308.1277835967114811
5330 -27182.370742835257261 -27484.263079891345114 301.89233705608756964 304.75011912339999753
5340 -27189.13357241489939 -27480.687347394872631 291.55377497997432101 294.31368984869857286
5350 -27179.740686104723864 -27463.805823746595706 284.06513764187201332 286.75416335288485925
5360 -27184.743395935769513 -27464.190687313777744 279.44729137800737817 282.09260349770761422
5370 -27185.791521971015754 -27456.295211777523946 270.50368980650722506 273.06433974353183203
5380 -27178.285535212093237 -27456.370620148140006 278.08508493604665546 280.71750209729987091
5390 -27192.326308511215757 -27466.587807100921054 274.26149858970700279 276.85772080610030343
5400 -27175.553656544136174 -27480.242034390204935 304.68837784607012509 307.57262787645510116
5410 -27184.478294100856147 -27472.124867153521336 287.64657305266598541 290.3695014522730844
5420 -27196.359232821279875 -27473.479688762796286 277.12045594151584282 279.74374170357867797
5430 -27199.980903257266618 -27488.999659257373423 289.01875600010708922 291.75467379804911161
5440 -27177.870732611994754 -27482.44697650425951 304.57624389226305084 307.45943243693614022
5450 -27178.802566065900464 -27484.210749498808582 305.40818343290800385 308.29924730798370547
5460 -27177.458375411657471 -27487.961715343139076 310.50333993148080935 313.44263572596781842
5470 -27188.898188132083305 -27478.151873237478867 289.25368510539584577 291.99182679610282776
5480 -27190.44269998566233 -27489.68154062875692 299.23884064309618225 302.07150410508506866
5490 -27189.132735201263131 -27480.088480254838942 290.95574505357433281 293.70999883392505581
5500 -27193.909131554391934 -27482.428537992571364 288.51940643818073795 291.25059727870041115
5510 -27182.066095359066821 -27476.654370870659477 294.58827551159140512 297.37691565796620807
5520 -27180.915213241241872 -27482.701849374170706 301.78663613292872014 304.64341761107203865
5530 -27185.674924936331081 -27475.839120086551702 290.164195150218859 292.91095593773229666
5540 -27188.69805651918432 -27485.992681618532515 297.29462509934899117 300.10888417131559436
5550 -27182.211478338667803 -27471.725033961251029 289.51355562258368082 292.25415730717816132
5560 -27199.536944556824892 -27478.359414393773477 278.82246983695023346 281.4618672527109311
5570 -27197.776581909685774 -27477.348843743544421 279.57226183385824925 282.21875695254141192
5580 -27200.115779637566447 -27473.904593126295367 273.78881348872982926 276.38056115960057468
5590 -27196.715509384510369 -27475.06628995390929 278.35078056939892122 280.98571286642459199
5600 -27195.578489612256817 -27474.777705320917448 279.19921570866205229 281.84217948720828417
5610 -27188.553013085227576 -27471.793947464720986 283.24093437949210283 285.9221579934858255
5620 -27182.933672285747889 -27475.234679290784698 292.30100700503845701 295.0679953434048457
5630 -27174.978261697160633 -27478.288967686537944 303.31070598937651539 306.1819146621533605
5640 -27190.741829522976332 -27484.294484147940238 293.55265462496555529 296.33149134662545521
5650 -27197.356451697556622 -27473.447232309954416 276.09078061239858926 278.70431923175686961
5660 -27190.979960740776733 -27472.702753602061421 281.72279286128332387 284.38964539965223821
5670 -27195.428859711704717 -27469.502478435289959 274.0736187235834791 276.66806242609510491
5680 -27188.008780975611444 -27470.108480032249645 282.09969905663848522 284.77011947545327075
5690 -27179.615568476518092 -27480.694473244544497 301.07890476802805324 303.92898669883334151
5700 -27183.900444093651458 -27487.14494613482384 303.24450204117414387 306.11508401220095266
5710 -27172.758901047433028 -27485.036959959325031 312.27805891189336762 315.2341546030792756
5720 -27165.367071742348344 -27475.990202439141285 310.6231306967934529 313.56356045812532329
5730 -27174.390995782607206 -27478.26571460931882 303.87471882671223966 306.75126657429967736
5740 -27183.673304832773283 -27480.151531622756011 296.47822678998221591 299.28475764840408146
5750 -27179.473577031960303 -27484.095548010915081 304.62197097895352726 307.50559238671149842
5760 -27181.073124759346683 -27482.302298954215075 301.22917419486810786 304.08067861051512182
5770 -27185.813186737166689 -27477.19504532936844 291.38185859220101293 294.14014606098913873
5780 -27183.90117402751639 -27478.319042995921336 294.41786896840341115 297.20489600737698765
5790 -27190.661919110891176 -27481.224687065456237 290.56276795456540185 293.31330172361219866
5800 -27198.703982699717017 -27478.989179412070371 280.28519671235216038 282.93844063602580263
5810 -27193.821102676334704 -27491.401554597781796 297.58045192144783186 300.39741669563437654
5820 -27182.159433225839166 -27493.248070771711355 311.08863754587372341 314.03347390175014198
5830 -27173.327841997972428 -27468.764956098100811 295.4371141001274168 298.23378954716611133
5840 -27167.511620554611 -27460.584044628893025 293.07242407428333308 295.84671482346413995
5850 -27157.573715324659133 -27462.065652989738737 304.49193766507988812 307.37432814768038725
5860 -27156.988895584672719 -27453.633455721112114 296.64456013643791721 299.45266554444697249
5870 -27155.293405011721916 -27455.725054469043243 300.43164945732053184 303.27560432098016463
5880 -27155.631303329580987 -27462.083606441698066 306.45230311211810204 309.3532508634275473
5890 -27153.939333470090787 -27453.612008411801071 299.67267494171073849 302.50944517862092198
5900 -27153.224216144197271 -27457.639450399459747 304.41523425526321489 307.29689864580313952
5910 -27143.510080768155603 -27437.283161406005092 293.77308063784829528 296.55400396267583574
5920 -27151.384934552293998 -27451.013083591285977 299.62814903899356977 302.464497783501713
5930 -27151.166110787031357 -27462.961336518255848 311.79522573122568474 314.74675081284044609
5940 -27153.647317367172946 -27453.710730467511894 300.06341310033843683 302.90388215422967733
5950 -27138.453551807760959 -27437.425752568695316 298.97220076093549324 301.80234014867625092
5960 -27126.763689545910893 -27445.514875682434649 318.75118613652279009 321.76855793389398741
5970 -27125.283497896223707 -27447.311650887302676 322.02815299107851388 325.07654530789534419
5980 -27136.585577456397004 -27448.52858176054724 311.94300430414841685 314.89592829161068721
5990 -27142.524309524953424 -27440.108004080560931 297.58369455560870165 300.40069002531350861
6000 -27145.02439448536461 -27459.83434676061006 314.80995227524510938 317.79001544941087332
6010 -27138.398882714882347 -27457.068964201473136 318.67008148658976552 321.68668552875254818
6020 -27132.545450358735252 -27450.066477134052548 317.5210267753188873 320.52675360217955358
6030 -27121.975954837849713 -27457.996636068226508 336.0206812303754873 339.2015300271035585
6040 -27119.53640869172159 -27456.168153397629794 336.63174470590956844 339.81837796957506725
6050 -27137.358681649435312 -27447.238650798935851 309.87996914950161909 312.8133639732670872
6060 -27138.795213766883535 -27451.148553581253509 312.35333981437082684 315.3101481318367405
6070 -27148.051295569315698 -27456.639098375824688 308.58780280650887562 311.50896568745986315
6080 -27149.291912643220712 -27458.845134856805089 309.55322221358386514 312.48352397595158436
6090 -27145.558334600042144 -27481.291971468846896 335.73363686880526302 338.91176843780567651
6100 -27158.190001560840756 -27469.51971918392519 311.32971762308318375 314.27683609823480992
6110 -27152.81845092207368 -27469.082011905924446 316.26356098385002724 319.25738435127158255
6120 -27147.642299522543908 -27476.722463023936143 329.08016350139257611 332.19531176627816649
6130 -27163.831785135724203 -27474.791289903449069 310.95950476772554794 313.90311872312207697
6140 -27173.802739751943591 -27474.432216141369281 300.62947638942648609 303.47530392817458278
6150 -27171.155999800546851 -27478.423288632544427 307.26728883199700704 310.17595142495525806
6160 -27186.339501719216059 -27489.724216727758176 303.38471500854080887 306.25662426765865121
6170 -27184.141496602958796 -27495.242668849743495 311.10117224678549519 314.04612725901415615
6180 -27192.498896216522553 -27491.353615975840512 298.85471975931733368 301.68374704496579852
6190 -27202.07565402291948 -27499.291698772489326 297.21604474957092634 300.029559961933046
6200 -27212.557559734003007 -27490.83383362540917 278.27627389140519654 280.91050089113736021
6210 -27210.849173350041383 -27471.622136983751261 260.77296363371164034 263.24150028614707253
6220 -27214.075773492852022 -27483.643683018126467 269.5679095252727393 272.1197011516401858
6230 -27206.170271609003976 -27486.638341615554964 280.46807000655053344 283.12304505074831695
6240 -27202.098039049466024 -27490.300275842077099 288.20223679260988092 290.93042523255769538
6250 -27195.643009093884757 -27489.029520869153203 293.38651177526969605 296.16377575062841743
6260 -27196.407130709332705 -27486.229165838132758 289.82203512880022345 292.56555695111535442
6270 -27197.137690112434939 -27487.51165552578459 290.37396541334953781 293.12271193426073523
6280 -27203.630291826029861 -27478.696044353513571 275.06575252748467619 277.66958799601729879
6290 -27192.837010789015039 -27470.459481793757732 277.62247100474371564 280.25050895647524385
6300 -27191.688735124214872 -27478.055632891628193 286.36689776741161495 289.0777124674202696
6310 -27201.168758614894614 -27481.026059817919304 279.8573012030246332 282.50649456971774498
6320 -27206.415482946948032 -27480.40569604016855 273.99021309321932449 276.58386725891432434
6330 -27201.512074759179086 -27478.324016734288307 276.81194197510814092 279.43230727324231566
6340 -27185.758386339352001 -27485.429898684124055 299.67151234477194066 302.50827157627298902
6350 -27186.38822643398089 -27481.88830989658527 295.50008346260347025 298.29735499206219629
6360 -27191.820221973084699 -27489.780474471721391 297.9602524986370895 300.78081255215147394
6370 -27190.473726236861694 -27482.953657202866452 292.479930966004531 295.24861303960130954
6380 -27195.276723080794909 -27492.081607404659735 296.80488432386505337 299.61450739738450011
6390 -27189.118122778956604 -27489.434477914128365 300.3163551351730689 303.15921859634954671
6400 -27190.721515134984656 -27486.691811046130169 295.97029591114727509 298.77201857943379082
6410 -27191.471658119680797 -27479.983198213340074 288.5115400936594483 291.2426564695586535
6420 -27188.227725901404483 -27483.008337009861862 294.78061110845800386 297.57107194768309455
6430 -27184.440260171315458 -27476.055503417657746 291.61524324634268623 294.37573998776719009
6440 -27171.014215332877939 -27470.404271694304043 299.39005636142718458 302.22415126606995273
6450 -27159.989927154649195 -27472.391264351601421 312.40133719695126047 315.35859986864340954
6460 -27154.295673599372094 -27475.915404183069768 321.61973058369920864 324.66425668038243657
6470 -27164.499708131010266 -27476.874745991088275 312.37503786007806639 315.33205157621858916
6480 -27155.332913327772985 -27490.622666694347572 335.28975336657379103 338.46368303258776677
6490 -27165.681279989534232 -27485.72575521885301 320.04447522931741332 323.07408959771009904
6500 -27178.986835865583998 -27476.460733051579155 297.47389718599407615 300.28985328862859205
6510 -27177.041781410513067 -27491.255569218887103 314.2137878083727287 317.18820755303244141
6520 -27179.968512659048429 -27479.840855750226183 299.87234309117633302 302.7110034325606307
6530 -27205.580695641638158 -27485.635001487942645 280.05430584630329349 282.70536410411028783
6540 -27198.119304592335538 -27477.835510832119326 279.7162062397843556 282.36406396921131545
6550 -27189.636046422201616 -27487.395959021967428 297.7599125997666647 300.57857618987310389
6560 -27193.740890408691484 -27475.232028588859976 281.49113818016718369 284.15579782222096128
6570 -27203.428282189433958 -27492.982964591512427 289.55468240207773079 292.29567340219466587
6580 -27193.321597204594582 -27490.510610771314532 297.1890135667184154 300.00227289570710809
6590 -27191.33014840881151 -27483.292644560038752 291.96249615122718524 294.7262800682523789
6600 -27189.796577780529333 -27491.183229675876646 301.38665189534765432 304.23964703100705265
6610 -27191.766616805642116 -27483.715121337976598 291.94850453233323151 294.71215600148656222
6620 -27178.495106214733823 -27479.867258282320108 301.37215206758656905 304.22500994455248247
6630 -27165.874456882385857 -27474.651501419393753 308.77704453700715703 311.69999882356017906
6640 -27169.645240473255399 -27477.755830467503984 308.11058999424864169 311.0272354693241823
6650 -27174.308553098991979 -27465.138834117748047 290.83028101875424909 293.5833471277904323
6660 -27177.850153197006875 -27475.427589955335861 297.57743675833052066 300.3943729902917994
6670 -27183.320042486069724 -27490.569000311770651 307.24895782570064284 310.15744689315118876
6680 -27179.877555908202339 -27478.920595638894156 299.04303973069306721 301.87384969636042342
6690 -27192.71938413035241 -27492.17226344199662 299.45287931164551765 302.287568912736333
6700 -27184.688183983991621 -27485.839144312638382 301.15096032864767039 304.00172435390754799
6710 -27177.257838604666176 -27485.222709167268476 307.9648705626009928 310.88013662413237626
6720 -27189.309107418175699 -27493.292346233771241 303.98323881559508663 306.86081383827399804
6730 -27188.612723337304487 -27483.661270038912335 295.04854670160813157 297.84154388057862661
6740 -27182.576749030034989 -27485.656092080127564 303.07934305009138143 305.9483615882481331
6750 -27177.035457640598906 -27466.124191981871263 289.08873434127332303 291.82531457023441135
6760 -27176.329826562141534 -27480.10320622913423 303.77337966699445815 306.64896811486534034
6770 -27163.353115037680254 -27458.854420744333765 295.50130570665299956 298.29858880615410044
6780 -27152.450765023018903 -27463.350485622471751 310.89972059945171168 313.84276862420659882
6790 -27142.405810004238447 -27461.908361229609 319.50255122537168972 322.52703561691424738
6800 -27155.600531573632907 -27461.535284521516587 305.93475294788305519 308.8308014506964696
6810 -27156.7636056227675 -27472.344934092274343 315.58132846950763906 318.5686936675558627
6820 -27160.043343076587917 -27486.450191814787104 326.40684873819810718 329.49669079271399141
6830 -27156.499648629542207 -27479.325836180512852 322.8261875509695642 325.88213424586894007
6840 -27150.060875595685502 -27478.215709243057063 328.15483364737252714 331.26122252774058552
6850 -27158.687934706096712 -27452.473643544784863 293.78570883868951569 296.56675170496106375
6860 -27154.006802628966398 -27455.334099583815259 301.32729695484852073 304.17973022303482367
6870 -27147.531168317284028 -27449.179054547523265 301.64788623023770242 304.5033542699956115
6880 -27147.096942682543158 -27461.046193839327316 313.94925115678461225 316.92116673685893602
6890 -27134.81169549313563 -27461.48861643919372 326.6769209460595107 329.76931956600543572
6900 -27147.809184438225202 -27460.527945603949775 312.71876116572610727 315.67902864547187392
6910 -27151.970446433460893 -27456.867838207370369 304.89739177390856639 307.7836203780481128
6920 -27150.926358370597882 -27473.594292309513548 322.66793393891418873 325.72238256884435259
6930 -27148.617612470647146 -27453.637145800796134 305.01953333014796499 307.90691815425816458
6940 -27155.084385621536057 -27459.436538304464193 304.35215268292699875 307.23321992884262954
6950 -27166.480010104165558 -27469.267951762136363 302.78794165797103233 305.65420172375013408
6960 -27175.546790961696388 -27478.637652607620112 303.09086164592264367 305.95998922174806012
6970 -27184.098577347667742 -27475.712291792315227 291.61371444464856495 294.3741967140857696
6980 -27180.660264860704046 -27468.371405660327582 287.71114079962376309 290.43468041232489441
6990 -27172.767102275563957 -27477.650637945946073 304.88353567038171832 307.76963310946894126
7000 -27172.643224699895654 -27462.928019908882561 290.28479520898537203 293.03269762430102219
7010 -27184.983161799958907 -27470.466049880611536 285.48288808065427702 288.18533454232078839
7020 -27175.9589286506598 -27472.975153343162674 297.01622469250264658 299.82784836239852666
7030 -27181.039753791705152 -27473.920513426117395 292.88075963441241356 295.6532360440689331
7040 -27185.933155917133263 -27471.944454728196433 286.01129881106243147 288.71874732983400236
7050 -27175.598551819031854 -27478.679261999059236 303.08071018002777919 305.9497416597499182
7060 -27182.330675541033997 -27476.719701565449213 294.38902602441640965 297.1757800294703884
7070 -27181.621855389250413 -27479.392373819217028 297.77051842996542064 300.58928241729176989
7080 -27189.110868330375524 -27478.483636649914843 289.3727683195399436 292.11203727925021667
7090 -27177.487631549593061 -27482.736776245597866 305.24914469600520306 308.13870307393989378
7100 -27178.385257540528983 -27486.462582511798246 308.07732497127028637 310.99365555201273992
7110 -27179.622939003362262 -27484.258593265039963 304.63565426167616579 307.51940519852513489
7120 -27171.99132169717268 -27491.233756992158305 319.24243529498494354 322.26445736950239507
7130 -27184.13643750979827 -27484.145943841609551 300.00950633181008698 302.84946509187301444
